{
  "3": {
    "curvature_matrices": [
      [
        [
          0.0,
          0.33379612587094215,
          0.33550132054273124
        ],
        [
          0.33379612587094215,
          0.0,
          0.33070258141386183
        ],
        [
          0.33550132054273124,
          0.33070258141386183,
          0.0
        ]
      ],
      [
        [
          0.0,
          0.3305675333957725,
          0.3380750117129828
        ],
        [
          0.3305675333957725,
          0.0,
          0.33135748271877985
        ],
        [
          0.3380750117129828,
          0.33135748271877985,
          0.0
        ]
      ],
      [
        [
          0.0,
          0.33132936510669664,
          0.33601882120884585
        ],
        [
          0.33132936510669664,
          0.0,
          0.3326518415119927
        ],
        [
          0.33601882120884585,
          0.3326518415119927,
          0.0
        ]
      ],
      [
        [
          0.0,
          0.33385171602168695,
          0.3390318453247108
        ],
        [
          0.33385171602168695,
          0.0,
          0.327116428535642
        ],
        [
          0.3390318453247108,
          0.327116428535642,
          0.0
        ]
      ],
      [
        [
          0.0,
          0.339086107383117,
          0.332285060353563
        ],
        [
          0.339086107383117,
          0.0,
          0.3286288600908552
        ],
        [
          0.332285060353563,
          0.3286288600908552,
          0.0
        ]
      ]
    ],
    "output_phases": [
      [
        -0.04786209017038345,
        2.049440860748291,
        4.1273064613342285
      ],
      [
        0.060937900096178055,
        2.1379549503326416,
        4.219935417175293
      ],
      [
        -0.04490670934319496,
        2.0368971824645996,
        4.127010345458984
      ],
      [
        0.050335630774497986,
        2.1479878425598145,
        4.2033209800720215
      ],
      [
        0.039837442338466644,
        2.1703782081604004,
        4.2352142333984375
      ]
    ]
  },
  "5": {
    "curvature_matrices": [
      [
        [
          0.0,
          0.18730917257816485,
          0.3986485064217455,
          0.4024786488353163,
          0.2023235600301546
        ],
        [
          0.18730917257816485,
          0.0,
          0.21133933384358064,
          0.41021220641405404,
          0.38963277055381484
        ],
        [
          0.3986485064217455,
          0.21133933384358064,
          0.0,
          0.19887287257047337,
          0.3990279234301397
        ],
        [
          0.4024786488353163,
          0.41021220641405404,
          0.19887287257047337,
          0.0,
          0.20015505085966634
        ],
        [
          0.2023235600301546,
          0.38963277055381484,
          0.3990279234301397,
          0.20015505085966634,
          0.0
        ]
      ],
      [
        [
          0.0,
          0.20083486338230724,
          0.40183000853713746,
          0.3976909518456051,
          0.19914516944538455
        ],
        [
          0.20083486338230724,
          0.0,
          0.2009951451548302,
          0.40147419362687514,
          0.3999800518004395
        ],
        [
          0.40183000853713746,
          0.2009951451548302,
          0.0,
          0.20047906744479266,
          0.39902481189951783
        ],
        [
          0.3976909518456051,
          0.40147419362687514,
          0.20047906744479266,
          0.0,
          0.19854574445472517
        ],
        [
          0.19914516944538455,
          0.3999800518004395,
          0.39902481189951783,
          0.19854574445472517,
          0.0
        ]
      ],
      [
        [
          0.0,
          0.20572630335641187,
          0.40405403196737977,
          0.3916094652451119,
          0.19714916049693448
        ],
        [
          0.20572630335641187,
          0.0,
          0.1983277286109679,
          0.4026642402532637,
          0.4028754448805987
        ],
        [
          0.40405403196737977,
          0.1983277286109679,
          0.0,
          0.20433653061504353,
          0.3987968353632209
        ],
        [
          0.3916094652451119,
          0.4026642402532637,
          0.20433653061504353,
          0.0,
          0.1944603047481774
        ],
        [
          0.19714916049693448,
          0.4028754448805987,
          0.3987968353632209,
          0.1944603047481774,
          0.0
        ]
      ],
      [
        [
          0.0,
          0.19849668092918724,
          0.3981126401358626,
          0.40230504819391183,
          0.20287331436734984
        ],
        [
          0.19849668092918724,
          0.0,
          0.19961594023392767,
          0.3991982987044361,
          0.40136999529653705
        ],
        [
          0.3981126401358626,
          0.19961594023392767,
          0.0,
          0.19958233949776075,
          0.39901407332432276
        ],
        [
          0.40230504819391183,
          0.3991982987044361,
          0.19958233949776075,
          0.0,
          0.19943173382656199
        ],
        [
          0.20287331436734984,
          0.40136999529653705,
          0.39901407332432276,
          0.19943173382656199,
          0.0
        ]
      ],
      [
        [
          0.0,
          0.20243145804629312,
          0.40631968160606374,
          0.39569342507733946,
          0.1978534288913536
        ],
        [
          0.20243145804629312,
          0.0,
          0.20388822355977065,
          0.4018751257311549,
          0.4002849059103944
        ],
        [
          0.40631968160606374,
          0.20388822355977065,
          0.0,
          0.19798692114413194,
          0.39582687938462247
        ],
        [
          0.39569342507733946,
          0.4018751257311549,
          0.19798692114413194,
          0.0,
          0.1978399582404905
        ],
        [
          0.1978534288913536,
          0.4002849059103944,
          0.39582687938462247,
          0.1978399582404905,
          0.0
        ]
      ]
    ],
    "output_phases": [
      [
        0.04254841431975365,
        1.2194466590881348,
        2.547330856323242,
        3.7968859672546387,
        5.054497241973877
      ],
      [
        -0.015443138778209686,
        1.2464395761489868,
        2.509329319000244,
        3.7689764499664307,
        5.016476154327393
      ],
      [
        -0.020221736282110214,
        1.2723947763442993,
        2.518524646759033,
        3.8024089336395264,
        5.0242390632629395
      ],
      [
        0.038413599133491516,
        1.2856050729751587,
        2.5398290157318115,
        3.79384183883667,
        5.046908378601074
      ],
      [
        0.031121009960770607,
        1.3030353784561157,
        2.5841028690338135,
        3.8280913829803467,
        5.0711565017700195
      ]
    ]
  },
  "7": {
    "curvature_matrices": [
      [
        [
          0.0,
          0.14164577212731536,
          0.2919225697175604,
          0.4307015976137352,
          0.4264981853620232,
          0.28449802128052265,
          0.14156697830614018
        ],
        [
          0.14164577212731536,
          0.0,
          0.1502768070766189,
          0.2890558065136722,
          0.4318560513654489,
          0.42614377443509033,
          0.28321273146070786
        ],
        [
          0.2919225697175604,
          0.1502768070766189,
          0.0,
          0.13877900892342715,
          0.2815792537752039,
          0.4235794558021998,
          0.4334895290509529
        ],
        [
          0.4307015976137352,
          0.2890558065136722,
          0.13877900892342715,
          0.0,
          0.14280024485177675,
          0.2848004468787727,
          0.4277314898531552
        ],
        [
          0.4264981853620232,
          0.4318560513654489,
          0.2815792537752039,
          0.14280024485177675,
          0.0,
          0.14200020202699593,
          0.28493124500137845
        ],
        [
          0.28449802128052265,
          0.42614377443509033,
          0.4235794558021998,
          0.2848004468787727,
          0.14200020202699593,
          0.0,
          0.1429310429743825
        ],
        [
          0.14156697830614018,
          0.28321273146070786,
          0.4334895290509529,
          0.4277314898531552,
          0.28493124500137845,
          0.1429310429743825,
          0.0
        ]
      ],
      [
        [
          0.0,
          0.14077247552368613,
          0.28244590991714,
          0.42346687151738077,
          0.4296654579166443,
          0.28972812480097376,
          0.14672498538535225
        ],
        [
          0.14077247552368613,
          0.0,
          0.14167344387982775,
          0.2826943959936946,
          0.4295620943872048,
          0.4305006003246599,
          0.2874974609090384
        ],
        [
          0.28244590991714,
          0.14167344387982775,
          0.0,
          0.14102094262749304,
          0.28788864102100314,
          0.42782597413667367,
          0.42917091427523996
        ],
        [
          0.42346687151738077,
          0.2826943959936946,
          0.14102094262749304,
          0.0,
          0.14686769839351013,
          0.28680503150918063,
          0.42980817092480217
        ],
        [
          0.4296654579166443,
          0.4295620943872048,
          0.28788864102100314,
          0.14686769839351013,
          0.0,
          0.13993733311567053,
          0.28294047253129206
        ],
        [
          0.28972812480097376,
          0.4305006003246599,
          0.42782597413667367,
          0.28680503150918063,
          0.13993733311567053,
          0.0,
          0.1430031394156215
        ],
        [
          0.14672498538535225,
          0.2874974609090384,
          0.42917091427523996,
          0.42980817092480217,
          0.28294047253129206,
          0.1430031394156215,
          0.0
        ]
      ],
      [
        [
          0.0,
          0.1434142978309086,
          0.2862194376515905,
          0.42567491989406436,
          0.4294541394528232,
          0.28495905904949853,
          0.1423951766884996
        ],
        [
          0.1434142978309086,
          0.0,
          0.14280513982068194,
          0.2822606220631557,
          0.42713157157105575,
          0.42837329996216406,
          0.2858094176011651
        ],
        [
          0.2862194376515905,
          0.14280513982068194,
          0.0,
          0.1394554822424738,
          0.2843264507231215,
          0.42882158804468923,
          0.42861455742184706
        ],
        [
          0.42567491989406436,
          0.2822606220631557,
          0.1394554822424738,
          0.0,
          0.14487096848064768,
          0.2893660868294677,
          0.4319299691904666
        ],
        [
          0.4294541394528232,
          0.42713157157105575,
          0.2843264507231215,
          0.14487096848064768,
          0.0,
          0.14449511834882003,
          0.28705900070981893
        ],
        [
          0.28495905904949853,
          0.42837329996216406,
          0.42882158804468923,
          0.2893660868294677,
          0.14449511834882003,
          0.0,
          0.14256388236099893
        ],
        [
          0.1423951766884996,
          0.2858094176011651,
          0.42861455742184706,
          0.4319299691904666,
          0.28705900070981893,
          0.14256388236099893,
          0.0
        ]
      ],
      [
        [
          0.0,
          0.14352736592079385,
          0.2869328509103984,
          0.42659794406940077,
          0.42948646901489457,
          0.2917900830204098,
          0.14576670984479945
        ],
        [
          0.14352736592079385,
          0.0,
          0.1434054849896045,
          0.2830705876349808,
          0.4269862023782206,
          0.4353174774003252,
          0.28929410422471485
        ],
        [
          0.2869328509103984,
          0.1434054849896045,
          0.0,
          0.13966511213175012,
          0.28358072687499,
          0.4212770749239793,
          0.43269957972794554
        ],
        [
          0.42659794406940077,
          0.2830705876349808,
          0.13966511213175012,
          0.0,
          0.14391561474323983,
          0.28161196279222916,
          0.42763533596783954
        ],
        [
          0.42948646901489457,
          0.4269862023782206,
          0.28358072687499,
          0.14391561474323983,
          0.0,
          0.13769634804898934,
          0.2837197212245997
        ],
        [
          0.2917900830204098,
          0.4353174774003252,
          0.4212770749239793,
          0.28161196279222916,
          0.13769634804898934,
          0.0,
          0.14602337317561037
        ],
        [
          0.14576670984479945,
          0.28929410422471485,
          0.43269957972794554,
          0.42763533596783954,
          0.2837197212245997,
          0.14602337317561037,
          0.0
        ]
      ],
      [
        [
          0.0,
          0.13924517882065435,
          0.28806398715519554,
          0.4314415727193153,
          0.4296341528829484,
          0.28920455285559693,
          0.14269039264262573
        ],
        [
          0.13924517882065435,
          0.0,
          0.1488188083345412,
          0.29219640338503483,
          0.4311207056103063,
          0.4284497221898774,
          0.2819355619769062
        ],
        [
          0.28806398715519554,
          0.1488188083345412,
          0.0,
          0.14337758556411978,
          0.28230188778939125,
          0.42273148781674275,
          0.4307543797978213
        ],
        [
          0.4314415727193153,
          0.29219640338503483,
          0.14337758556411978,
          0.0,
          0.13892430222527147,
          0.27935390225262297,
          0.42586806246559417
        ],
        [
          0.4296341528829484,
          0.4311207056103063,
          0.28230188778939125,
          0.13892430222527147,
          0.0,
          0.1404296000273515,
          0.2869437602403227
        ],
        [
          0.28920455285559693,
          0.4284497221898774,
          0.42273148781674275,
          0.27935390225262297,
          0.1404296000273515,
          0.0,
          0.1465141602129712
        ],
        [
          0.14269039264262573,
          0.2819355619769062,
          0.4307543797978213,
          0.42586806246559417,
          0.2869437602403227,
          0.1465141602129712,
          0.0
        ]
      ]
    ],
    "output_phases": [
      [
        -0.003552127629518509,
        0.8864344954490662,
        1.8306515216827393,
        2.7026257514953613,
        3.5998661518096924,
        4.492079734802246,
        5.39014196395874
      ],
      [
        0.03400333225727081,
        0.9185028672218323,
        1.8086633682250977,
        2.6947240829467773,
        3.617521047592163,
        4.4967732429504395,
        5.395288467407227
      ],
      [
        -0.006965392269194126,
        0.8941332101821899,
        1.791404366493225,
        2.6676290035247803,
        3.5778801441192627,
        4.485769748687744,
        5.381525039672852
      ],
      [
        0.0208908598870039,
        0.9226998686790466,
        1.8237431049346924,
        2.701284885406494,
        3.6055333614349365,
        4.470705032348633,
        5.38819694519043
      ],
      [
        0.0011305974330753088,
        0.8760338425636292,
        1.8110899925231934,
        2.7119579315185547,
        3.5848450660705566,
        4.467190265655518,
        5.387765884399414
      ]
    ]
  },
  "11": {
    "curvature_matrices": [
      [
        [
          0.0,
          0.08967777504945942,
          0.18315884607450197,
          0.26996548470172965,
          0.3610003519346537,
          0.45550463272923336,
          0.457202959266357,
          0.36343793261294505,
          0.2751958348679008,
          0.18490255542411085,
          0.09679926230119938
        ],
        [
          0.08967777504945942,
          0.0,
          0.09348107102504256,
          0.18028770016589635,
          0.2713225863715681,
          0.36582686716614776,
          0.45311930299809255,
          0.45311569817603065,
          0.3648736004309863,
          0.27458035893269184,
          0.18647706580978035
        ],
        [
          0.18315884607450197,
          0.09348107102504256,
          0.0,
          0.08680663862722764,
          0.17784150586015168,
          0.27234578665473136,
          0.35963822248667615,
          0.45340324914008817,
          0.4583546809424027,
          0.36806140149861283,
          0.27995814632119675
        ],
        [
          0.26996548470172965,
          0.18028770016589635,
          0.08680663862722764,
          0.0,
          0.09103486723292403,
          0.18553914802750374,
          0.27283158385944856,
          0.3665965915401128,
          0.45483868928515714,
          0.4548680590985882,
          0.3667647659756767
        ],
        [
          0.3610003519346537,
          0.2713225863715681,
          0.17784150586015168,
          0.09103486723292403,
          0.0,
          0.0945042807945797,
          0.1817967166265245,
          0.2755617432799365,
          0.36380384102498076,
          0.45409712046877065,
          0.457799614235853
        ],
        [
          0.45550463272923336,
          0.36582686716614776,
          0.27234578665473136,
          0.18553914802750374,
          0.0945042807945797,
          0.0,
          0.08729243583194479,
          0.18105746248535678,
          0.2692995602304011,
          0.359592839674191,
          0.44769613279710246
        ],
        [
          0.457202959266357,
          0.45311930299809255,
          0.35963822248667615,
          0.27283158385944856,
          0.1817967166265245,
          0.08729243583194479,
          0.0,
          0.09376502665341199,
          0.1820071243984563,
          0.2723004038422462,
          0.36040369696515767
        ],
        [
          0.36343793261294505,
          0.45311569817603065,
          0.45340324914008817,
          0.3665965915401128,
          0.2755617432799365,
          0.18105746248535678,
          0.09376502665341199,
          0.0,
          0.0882420977450443,
          0.1785353771888342,
          0.26663867031174565
        ],
        [
          0.2751958348679008,
          0.3648736004309863,
          0.4583546809424027,
          0.45483868928515714,
          0.36380384102498076,
          0.2692995602304011,
          0.1820071243984563,
          0.0882420977450443,
          0.0,
          0.0902932794437899,
          0.17839657256670138
        ],
        [
          0.18490255542411085,
          0.27458035893269184,
          0.36806140149861283,
          0.4548680590985882,
          0.45409712046877065,
          0.359592839674191,
          0.2723004038422462,
          0.1785353771888342,
          0.0902932794437899,
          0.0,
          0.08810329312291147
        ],
        [
          0.09679926230119938,
          0.18647706580978035,
          0.27995814632119675,
          0.3667647659756767,
          0.457799614235853,
          0.44769613279710246,
          0.36040369696515767,
          0.26663867031174565,
          0.17839657256670138,
          0.08810329312291147,
          0.0
        ]
      ],
      [
        [
          0.0,
          0.08780654037622211,
          0.18215981707190146,
          0.2715976532676426,
          0.3646903995792484,
          0.4555897065298954,
          0.45707117456087115,
          0.3638151487826067,
          0.27293807789225766,
          0.18077992913208193,
          0.09235265736953951
        ],
        [
          0.08780654037622211,
          0.0,
          0.09435328618205319,
          0.18379113186416823,
          0.2768838402302786,
          0.3677831471809256,
          0.4551222939176942,
          0.4516217081315765,
          0.3607445613502367,
          0.26858641259006094,
          0.18015914082751855
        ],
        [
          0.18215981707190146,
          0.09435328618205319,
          0.0,
          0.0894378361957412,
          0.1825305635345993,
          0.27342987048524625,
          0.36076899824926717,
          0.45402506197302706,
          0.45509785701866373,
          0.362939708258488,
          0.2745124364959456
        ],
        [
          0.2715976532676426,
          0.18379113186416823,
          0.0894378361957412,
          0.0,
          0.0930927273388581,
          0.18399203428950506,
          0.2713311810262737,
          0.36458722577728586,
          0.4554643346131303,
          0.4523775444542292,
          0.3639502726916868
        ],
        [
          0.3646903995792484,
          0.2768838402302786,
          0.1825305635345993,
          0.0930927273388581,
          0.0,
          0.09089930695064698,
          0.1782384536874156,
          0.27149447946568006,
          0.3623715883015245,
          0.4545297370617002,
          0.4570430190032926
        ],
        [
          0.4555897065298954,
          0.3677831471809256,
          0.27342987048524625,
          0.18399203428950506,
          0.09089930695064698,
          0.0,
          0.08733914673676861,
          0.1805951725150331,
          0.27147228135087753,
          0.3636304301110532,
          0.4520577018735957
        ],
        [
          0.45707117456087115,
          0.4551222939176942,
          0.36076899824926717,
          0.2713311810262737,
          0.1782384536874156,
          0.08733914673676861,
          0.0,
          0.09325602577826449,
          0.1841331346141089,
          0.27629128337428466,
          0.36471855513682705
        ],
        [
          0.3638151487826067,
          0.4516217081315765,
          0.45402506197302706,
          0.36458722577728586,
          0.27149447946568006,
          0.1805951725150331,
          0.09325602577826449,
          0.0,
          0.09087710883584443,
          0.18303525759602016,
          0.2714625293585626
        ],
        [
          0.27293807789225766,
          0.3607445613502367,
          0.45509785701866373,
          0.4554643346131303,
          0.3623715883015245,
          0.27147228135087753,
          0.1841331346141089,
          0.09087710883584443,
          0.0,
          0.09215814876017571,
          0.18058542052271812
        ],
        [
          0.18077992913208193,
          0.26858641259006094,
          0.362939708258488,
          0.4523775444542292,
          0.4545297370617002,
          0.3636304301110532,
          0.27629128337428466,
          0.18303525759602016,
          0.09215814876017571,
          0.0,
          0.08842727176254242
        ],
        [
          0.09235265736953951,
          0.18015914082751855,
          0.2745124364959456,
          0.3639502726916868,
          0.4570430190032926,
          0.4520577018735957,
          0.36471855513682705,
          0.2714625293585626,
          0.18058542052271812,
          0.08842727176254242,
          0.0
        ]
      ],
      [
        [
          0.0,
          0.09178902446740576,
          0.18092214884879976,
          0.2741653300768751,
          0.3641790840288822,
          0.4583042513790308,
          0.4538217120632376,
          0.3649221706650842,
          0.272703878294717,
          0.18098111614863419,
          0.09006424043362214
        ],
        [
          0.09178902446740576,
          0.0,
          0.08913311489502015,
          0.18237629612309547,
          0.2723900500751026,
          0.3665152363979989,
          0.45438926283777026,
          0.4567112235916115,
          0.3644928932757489,
          0.27277013112966614,
          0.18185325541465405
        ],
        [
          0.18092214884879976,
          0.08913311489502015,
          0.0,
          0.09324318122807532,
          0.18325693518008246,
          0.27738210253023105,
          0.36525616691549784,
          0.4541557083136512,
          0.45362598919802133,
          0.36190326499743397,
          0.2709863133914311
        ],
        [
          0.2741653300768751,
          0.18237629612309547,
          0.09324318122807532,
          0.0,
          0.09001375395200713,
          0.18413892130215573,
          0.2720129856874225,
          0.3609125081128282,
          0.45313083842869084,
          0.4551464272527616,
          0.3642295515377495
        ],
        [
          0.3641790840288822,
          0.2723900500751026,
          0.18325693518008246,
          0.09001375395200713,
          0.0,
          0.09412516735014861,
          0.18199923173541538,
          0.2708987731335688,
          0.3631171034494314,
          0.4548398655955142,
          0.45424328651700896
        ],
        [
          0.4583042513790308,
          0.3665152363979989,
          0.27738210253023105,
          0.18413892130215573,
          0.09412516735014861,
          0.0,
          0.08787406438526676,
          0.1767736057834202,
          0.2689919360992828,
          0.36071469824536556,
          0.4516315739603776
        ],
        [
          0.4538217120632376,
          0.45438926283777026,
          0.36525616691549784,
          0.2720129856874225,
          0.18199923173541538,
          0.08787406438526676,
          0.0,
          0.08889954139815341,
          0.181117871714016,
          0.2728406338600988,
          0.3637575095751109
        ],
        [
          0.3649221706650842,
          0.4567112235916115,
          0.4541557083136512,
          0.3609125081128282,
          0.2708987731335688,
          0.1767736057834202,
          0.08889954139815341,
          0.0,
          0.0922183303158626,
          0.1839410924619454,
          0.27485796817695746
        ],
        [
          0.272703878294717,
          0.3644928932757489,
          0.45362598919802133,
          0.45313083842869084,
          0.3631171034494314,
          0.2689919360992828,
          0.181117871714016,
          0.0922183303158626,
          0.0,
          0.09172276214608278,
          0.18263963786109486
        ],
        [
          0.18098111614863419,
          0.27277013112966614,
          0.36190326499743397,
          0.4551464272527616,
          0.4548398655955142,
          0.36071469824536556,
          0.2728406338600988,
          0.1839410924619454,
          0.09172276214608278,
          0.0,
          0.09091687571501206
        ],
        [
          0.09006424043362214,
          0.18185325541465405,
          0.2709863133914311,
          0.3642295515377495,
          0.45424328651700896,
          0.4516315739603776,
          0.3637575095751109,
          0.27485796817695746,
          0.18263963786109486,
          0.09091687571501206,
          0.0
        ]
      ],
      [
        [
          0.0,
          0.09361640363434728,
          0.18275034384389213,
          0.2713410278823271,
          0.3612276454520335,
          0.4526138689995116,
          0.4531511013232285,
          0.36400244774784657,
          0.2713785180317714,
          0.18132475055487662,
          0.09103883253719218
        ],
        [
          0.09361640363434728,
          0.0,
          0.08913394020954486,
          0.17772463373435368,
          0.2676112513040601,
          0.3589974748515382,
          0.4532325323563332,
          0.45761884189582,
          0.36499495012524025,
          0.27494114470285,
          0.18465522668516562
        ],
        [
          0.18275034384389213,
          0.08913394020954486,
          0.0,
          0.08859068403843497,
          0.17847732058088908,
          0.26986354412836716,
          0.3640986016331622,
          0.45324725520854414,
          0.45412888084841124,
          0.36407511337151643,
          0.273789195353832
        ],
        [
          0.2713410278823271,
          0.17772463373435368,
          0.08859068403843497,
          0.0,
          0.08988663654245412,
          0.1812728600899322,
          0.27550791759472726,
          0.3646565901428569,
          0.4572804819134367,
          0.45266577843720374,
          0.3623798604195193
        ],
        [
          0.3612276454520335,
          0.2676112513040601,
          0.17847732058088908,
          0.08988663654245412,
          0.0,
          0.09138622354747811,
          0.18562128105227313,
          0.2747699346276551,
          0.36739382639823487,
          0.4574475938751297,
          0.4522665159347211
        ],
        [
          0.4526138689995116,
          0.3589974748515382,
          0.26986354412836716,
          0.1812728600899322,
          0.09138622354747811,
          0.0,
          0.09423505750479504,
          0.18338371108017695,
          0.27600760285075676,
          0.36606137032765157,
          0.456347288345336
        ],
        [
          0.4531511013232285,
          0.4532325323563332,
          0.3640986016331622,
          0.27550791759472726,
          0.18562128105227313,
          0.09423505750479504,
          0.0,
          0.08914865357538193,
          0.18177254534596174,
          0.2718263128228565,
          0.36211223084054095
        ],
        [
          0.36400244774784657,
          0.45761884189582,
          0.45324725520854414,
          0.3646565901428569,
          0.2747699346276551,
          0.18338371108017695,
          0.08914865357538193,
          0.0,
          0.09262389177057981,
          0.1826776592474746,
          0.272963577265159
        ],
        [
          0.2713785180317714,
          0.36499495012524025,
          0.45412888084841124,
          0.4572804819134367,
          0.36739382639823487,
          0.27600760285075676,
          0.18177254534596174,
          0.09262389177057981,
          0.0,
          0.09005376747689478,
          0.1803396854945792
        ],
        [
          0.18132475055487662,
          0.27494114470285,
          0.36407511337151643,
          0.45266577843720374,
          0.4574475938751297,
          0.36606137032765157,
          0.2718263128228565,
          0.1826776592474746,
          0.09005376747689478,
          0.0,
          0.09028591801768444
        ],
        [
          0.09103883253719218,
          0.18465522668516562,
          0.273789195353832,
          0.3623798604195193,
          0.4522665159347211,
          0.456347288345336,
          0.36211223084054095,
          0.272963577265159,
          0.1803396854945792,
          0.09028591801768444,
          0.0
        ]
      ],
      [
        [
          0.0,
          0.09165002063142215,
          0.1837860092222907,
          0.27389899064474,
          0.36451353562524047,
          0.45572175685384897,
          0.451382841238103,
          0.36343041940485804,
          0.266040193958471,
          0.1815245715335949,
          0.08669559113497184
        ],
        [
          0.09165002063142215,
          0.0,
          0.09213598859086856,
          0.18224897001331783,
          0.27286349602107063,
          0.36407177416792225,
          0.45696712801251466,
          0.4550804020907848,
          0.3576901766443978,
          0.27317455421952164,
          0.1783455738208986
        ],
        [
          0.1837860092222907,
          0.09213598859086856,
          0.0,
          0.09011298142244925,
          0.18072750743020208,
          0.27193576660430596,
          0.3648311394216461,
          0.4527836371458818,
          0.4498261652352663,
          0.3653105428103902,
          0.2704815624117672
        ],
        [
          0.27389899064474,
          0.18224897001331783,
          0.09011298142244925,
          0.0,
          0.09061452600775283,
          0.1818227851818567,
          0.2747181769719445,
          0.3626706367506849,
          0.46006086219707193,
          0.45542354320558714,
          0.3605946007524595
        ],
        [
          0.36451353562524047,
          0.27286349602107063,
          0.18072750743020208,
          0.09061452600775283,
          0.0,
          0.09120825917410388,
          0.1841036509641917,
          0.27205611074293207,
          0.3694463361893191,
          0.4539619586141952,
          0.45120908881471694
        ],
        [
          0.45572175685384897,
          0.36407177416792225,
          0.27193576660430596,
          0.1818227851818567,
          0.09120825917410388,
          0.0,
          0.09289539179008781,
          0.18084785156882818,
          0.2782380770152152,
          0.36275369944009134,
          0.45758267983871437
        ],
        [
          0.451382841238103,
          0.45696712801251466,
          0.3648311394216461,
          0.2747181769719445,
          0.1841036509641917,
          0.09289539179008781,
          0.0,
          0.08795245977874036,
          0.1853426852251274,
          0.2698583076500035,
          0.36468728804862655
        ],
        [
          0.36343041940485804,
          0.4550804020907848,
          0.4527836371458818,
          0.3626706367506849,
          0.27205611074293207,
          0.18084785156882818,
          0.08795245977874036,
          0.0,
          0.09739022544638704,
          0.18190584787126315,
          0.27673482826988616
        ],
        [
          0.266040193958471,
          0.3576901766443978,
          0.4498261652352663,
          0.46006086219707193,
          0.3694463361893191,
          0.2782380770152152,
          0.1853426852251274,
          0.09739022544638704,
          0.0,
          0.0845156224248761,
          0.17934460282349915
        ],
        [
          0.1815245715335949,
          0.27317455421952164,
          0.3653105428103902,
          0.45542354320558714,
          0.4539619586141952,
          0.36275369944009134,
          0.2698583076500035,
          0.18190584787126315,
          0.0845156224248761,
          0.0,
          0.09482898039862303
        ],
        [
          0.08669559113497184,
          0.1783455738208986,
          0.2704815624117672,
          0.3605946007524595,
          0.45120908881471694,
          0.45758267983871437,
          0.36468728804862655,
          0.27673482826988616,
          0.17934460282349915,
          0.09482898039862303,
          0.0
        ]
      ]
    ],
    "output_phases": [
      [
        0.0310058631002903,
        0.5944679379463196,
        1.1818268299102783,
        1.727249026298523,
        2.2992379665374756,
        2.8930258750915527,
        3.441500425338745,
        4.030643463134766,
        4.585084915161133,
        5.152414321899414,
        5.705983638763428
      ],
      [
        0.01304229162633419,
        0.5647470355033875,
        1.1575862169265747,
        1.7195407152175903,
        2.304459571838379,
        2.875596761703491,
        3.4243648052215576,
        4.01030969619751,
        4.581307411193848,
        5.160354137420654,
        5.715959072113037
      ],
      [
        0.020766543224453926,
        0.5974940061569214,
        1.157533884048462,
        1.7433980703353882,
        2.3089711666107178,
        2.900377035140991,
        3.4525060653686523,
        4.011078357696533,
        4.590503215789795,
        5.16681432723999,
        5.738061904907227
      ],
      [
        0.014857427217066288,
        0.603066623210907,
        1.163111686706543,
        1.7197433710098267,
        2.284517765045166,
        2.8587143421173096,
        3.450810670852661,
        4.010948181152344,
        4.592921257019043,
        5.158745765686035,
        5.726028919219971
      ],
      [
        -0.012601494789123535,
        0.5632525682449341,
        1.1421600580215454,
        1.7083566188812256,
        2.2777044773101807,
        2.850782871246338,
        3.434461832046509,
        3.9870834350585938,
        4.59900426864624,
        5.130031585693359,
        5.725859642028809
      ]
    ]
  }
}